This line is a comment block. Write whatever you want here.
This line is a comment block. Write whatever you want here.
This line is a comment block. Write whatever you want here.
This line is a comment block. Write whatever you want here.
This line is a comment block. Write whatever you want here.
This line is a comment block. Write whatever you want here.
This line is a comment block. Write whatever you want here.
5095475ca7c55ab9654389e9811d4623b97f692833d31f51f55a0b4f87c8b044 38 38 5171 554
72d74ca7c147190c579b21e44db38454d93b41bbbe607c29ce8a8350220ba349 10 8 2 0
90b73249bdaf71d6e380ff459e8b7b630d92c37796a71a10f7d0c0ef1aac52ac 1137 0 0 0
3bbd015f52b892bf6071b5d56d9b5e19f3fe5849eaf0408c7a90060f60dc8f70 1 1 142 0
62ae4f9912b5a27d4699112468ede5787b10d1388c3362df473452077c15526a 1 1 6053 0
32fef98fd7acc176787a91444c75e994f42fea59393d74fddcf4ca75576a9caa 17 0 0 0
f106ab1b842b2299022eedc7d2daa7d188cae9b3cfa3afca7e9f4887f0f0fbb5 16 0 0 0
9f07f52389152d68b5476a70a067c49b77e36c1214c28fdd52ab3cfd031ec363 11 0 0 0
5fde38aaecd097931915c69ea9630fa7ec7d4ecdcf70b683d1b5d59c42d8ec6b 108 0 0 0
be6c4e434ec0bce84811f57762301cceb9b2383051c49682d6976a1ac068db17 1769 1 63 0
1d114fb8ac30d4c48fc5f00cc0ea04b0a26819a0433e95bc0f2b20a4925590b6 4 0 0 0
e2cbfee7b10b13e7bceb0a02bfa644937fc6fca4af0f2e03c4352cacf68c6959 3 0 0 0
2851460522ffc420af1b8f10e82f92e7cc03eb7d06b954b7d9347f37670a6921 3043 0 0 0
c10293e07cc90ee0a593527f3fe0e2476f8b5b147de25380913c07d4a912b4a2 119 0 0 0
df0ac8409af2071b19cabf85e55d29b66f0588d714dbdfcb89535f3a701e5bde 778 0 0 0
97a71a551bd1471b45994ecc5e0434b48ff78c2d414091888dcd8efc32fde4ca 6 6 836 23
34fb68632e51ea4f5b71dc65aad82a75d51c6974bb600d06ded0e704fbdaffe4 24 24 2410786 3251
0f70f73731a171f2afd74e515c67f5be4b3b27b1b477de7966d4fa24de0a217c 3 3 1 0
fa41e0fafeb8b3d25d888dfd65af234ccb6c4f06ca67863b59e39e03896e6b77 16 16 1463 104
25246507ad34ee32f0e45ca1670251f7ae73d4cfcd65e9ceed5f5c4af82f6d35 22 22 11307 5927
76175786e1ea7b5a68bac04954286d16067e680e76329c79dba9f3b7ccf11183 25 25 17760 8938
8ad00bc272e58525ae27ab9f9ef23c987072c6734598604333daacebda6274ee 435 0 0 0
a050d72a2c933eaf836222149047315f728f4e0c8d1d7be1a292c5d337f578b4 4 0 0 0
a777eb6616babbc552599ec09dfdf3679047f57b7d3e967cf75ba2419b1a75e0 5 0 0 0
d76e5ba5ee76c0cd072dd243f0983c20df915e327efe3f321590f52b4c24fe0e 10 0 0 0
0d53421a625822444dbb6fb6279b759a055fe49c1b8d820ba825777972dd2318 5 0 0 0
55aa171c28fab51d9b26134aa01dcdab05d14911b70c5144c2dc7f5dc7f99548 19 0 0 0
f43b969356bad1ea57c9c4970a0353e0eeca7c4458a867b4851575a7cdc3750b 0 0 0 0
a5db7788285e74630beae544a67bc698cb6044bbe5b54355d637d5c3bdab4187 13 0 0 0
8633e6c6d66f9a935911a3bab9d726a9ec684257d11a5f7d0784d3cfc265ba6a 127 0 0 0
c32f915121645a2d06d228d438c0187952504d6ad29c6a3b9dec17fae430a65d 2 0 0 0
02f2f95c218de44cfa352f68185425823234c85bd216ef9d3eabd2c6fb633fd7 26 0 0 0
255a2a124022ffc60abf54cf5fad189d9a9adb75f239f2f63d06d075c0daeb63 73 0 0 0
e62e2af49a418b8447fe76b192753f2dee81b3a40e50e7341e2373256df408b9 107 107 44554 2177
20c0785c8ee67e19ebfc927f3b83b4c15b4eb66b6deaa022862629511710352f 53 0 0 0
bb2ea3b9ef2b6ed040cef2edc297be6baddc7967d17eb1ddbad35b7845de6297 2 0 0 0
ca2f45e5a696966ba19b60607bb1d12dc8e314073a65de2fc7f54f8ac2440b07 227 0 0 0
606af88632d9e676fbf0fd9761932c1e10c87842975a0d2e953837574fa1a9e8 2104 0 0 0
c14cf85982f1039e6409246cb25a78e089c243cff17cf5618c34ee264664ef16 366 0 0 0
9df874a5cdc49ea6add5a28866715925afe8628650ac0c866b562dd4e04395a5 317 0 0 0
e158a64e1fafde53a726d6c537547d8341bfaedafe2b2e699895f3ab88cceace 44 0 0 0
d64feb6708b32e7d47c99b90605a715f29ae5ec298bd52c757c93c803bca8781 27 0 0 0
e6defa07345a63efe760478d87de54f5de8df0960abc8d10af11a02a828de615 44 0 0 0
9f5c775c7bd1d6cbd35d64c06b3daee8c88cec67abaa11392fc52b881c679873 1 0 0 0
fd944b4c1409276b6a26e3c0c0911f0ede981943a663ecdf99f199a0db798c9d 258 0 0 0
b07f30f34a47c20b39405dbf29dd4c05983368a4e1be1cf96fbf8c00f2770e3d 25 0 0 0
f112d3c82db3ac598747d0c378fe7371345317a35af2f3d9168dcd1d7d75383f 3 0 0 0
c8ca87e70e600eee6c49dd4b4a52bc989166196045fdc5741eebbc8fa92633cd 51 0 0 0
9f5c4b426b1f4d2c8575773f4ec6b54124a726a8791fc96f82c2a37d6ff813be 245 0 0 0
890d963a5fc8760095ec2a835008a16d460d9f6c6c0398d9c2dc1241b6b406eb 42 0 0 0
393a4befec83dbe5fc58594b2654793c3c79af4a806583172705d9af129bbdfd 35 0 0 0
4274837390219f53e06f04623212dff045a17a3fad9ba0e9250854fe1a2b694e 34 0 0 0
c0838eb8b57f62d659b68e3530b759b1d31353424be772edb67cc2e20ea1725e 2 2 2 0
d824f6a56ceb4f5c1ab766333b66d416372d2097e365467d798130aa93899ffe 3 0 0 0
6902f3da3165f2f0be4f868d5c601444c6541ab6ef38a18152747748447c799b 12 0 0 0
48b29c1e4b903fc92324bc0d18c95f2292ff9d398ce4d5389716981da981d0dc 9 0 0 0
9f272520eb97ee22d6b7e408bfc690027b28873d06ae0709c66c1966368e7ec1 2 0 0 0
478fcedbf1265fcb558d298f30d0ff2a35eafe5900629d6fdd69da93538611a1 7 0 0 0
139d87b816b1c4b832e54d11fb320a23a3bf0ffab59e68a27e256ff0e4674d52 4 0 0 0
3efd9a7692a9900ae16fc3f997f7b0453f1b6ee1d15a794a79819a170aea9cfa 11 0 0 0
4f2e3ee44a68642d9b8f8ca9103d67ad131e83829ec4321bb0af07437179dd58 186 0 0 0
93717f1c9070f04069e67dab1e05ddfb650a174ff9aa945868860e68626d08d7 4 0 0 0
7296ad20f69f0c5171e66920c600c2c3dc9e2d421664583321453d4d0242e180 136 0 0 0
c2b31c444f35ea3fc6e0cab71e8248fb87f9cafae3d67bcc4ab7638d2a9ff889 79 0 0 0
30b45fc5a27d670bbe400d4040672234b15efbe13d14c5d34c8e483872f5ee43 35 0 0 0
0f9438780b82e3e5af71b9c30d1bb3d5323b31d804d0b1e33cce9a3da5e16d73 207 0 0 0
824371ff1d64db172cc3725a979bba6bc4809c26d5c66cdcc32772d272461eef 13 0 0 0
8967b0c5b5aede0be484ae0bb83fb88873ca6950f494a8afff39a0c175a664ae 891 0 0 0
b72a7c324cdab3607715278272ddbd17811efbecfd6a2fae0753731db9f75686 2 0 0 0
160b1c8bb15f7fbedf790df0e4560f13aceb47fa6824b49755b58e54a62c08fd 278 0 0 0
2a6732fabcdba11dd2333750378802c96ac1a5057c2701b779e5e0d64f4f7391 24 1 5 5
e90f92552db72db9d24a740ed095d4b68b061c71af4d46309bd0e91a396dc377 3 0 0 0
f17e58b2db19ca3c41d66667160312d8110e3c1ec640f3bd89228320bfb04308 324 0 0 0
3c596ab1f9cf38fd2af4201d9cd065ee3c486f58b639957ce256354e7b562166 32 0 0 0
110701bb27ff8423cd2c00f2906dfa7946c6e5c744d6379e80c3fc2f70095681 5 0 0 0
21300ec5bfab25b8718aed81f1a72f0d5f642d7a60a40544a3b9c792e7cd13ad 8 0 0 0
892940f8f6909bd581fd27683a1bcc756b40008dfd2dc81f60153081ac8a26b6 134 2 689 30
c99b37da0e27f1dd335d8c2a47d4294d21d3e5baea02703cd8863ad45e76ca11 84 0 0 0
cdaf9a54c89daad8c54fe258ddf33c63997f87bf7b131def76c804c8b473ed6e 16 0 0 0
3bbe2cb7977805754409a2c17dd6947620002fce4a87a846287f6a8cc4907498 3 0 0 0
f395d41c312ccf8eceaef8e72fc95db7136ce16f1a40382d839f7b2ba0f08dfa 51 0 0 0
7a6cd2635c2a19e8fa761035ac07591dc58193f96fca1ea5b7f17931535e62a7 146 0 0 0
fb9cef2c9debb3743280bf3dd6bbce610364376f0fd1d057939c842bd2e64554 475 0 0 0
1140a76e71d833d379674c885857c60e1301b1899b4bb95f835b1ba0b0863b92 86 0 0 0
2f8692ae31268eccddb9c235a0a1fbee6f5a58834eea427c276f1ee4a4aa8bc2 32 0 0 0
cadafbfd07e26c3fb72bd6ce301450763deb0a9a8965661ce98e622f6165e232 559 0 0 0
a4472d53830a6af2065f420c3d9e7b2fa5d2d6dd98c4b5561ebe482dc09eb31e 19 0 0 0
55b265267d424e0081bece3c1820ca185ea18bd94e78d0cddb065c6e15665266 3071 0 0 0
c4c9b3642f9dffbfcf0bc0298ac75da498eb588e7dc47f5e2056a99fb0a87db6 27 0 0 0
fc2664949e0eba7cb55c362c9988b2da710571355749050012049355ff5bb373 17 0 0 0
d3eee6abc59038f51066cff92a3fbceea6db2a3d7c63ede015d9549ce0adbc20 524 0 0 0
7ebddb17e4e832cb2085590b61b85023c65a9ee61256742c02ad51b0d1722660 11 0 0 0
c8d52d9fc2e952527e45d87ddd1e89f3a8432ec6c2f1a98c23b5525d75e54cd6 32 0 0 0
1d91d822727a0e450f8b2f2d961cfcef7f954ff1a172f422d307964ac5b573f2 1 1 674 0
d26646f76b083742ddf601848f1fc8baea4eb870d5cb685a2aba76d37e6d2d1a 2 2 1412250 0
0624f06832f2ebe66c527a90f2e6b25094492b3fb72e5285d362ac169d3795b8 50 49 51338 41064
a6075411f330211e2c31749b3aa3daf31b8e09071f22f3b6e0ce5b2654d90f35 33 33 1 0
85bd17f222c5f5d594f02817053b435f717ad3b0946cf60188a1937542c9c40a 11 0 0 0
d7b6f38d6c52b65162a60c5bc6c31800ab5d09b1f8c68c2a3088d9463a6edd27 18 0 0 0
9113e948938790e8e39b23d0177527a63b9fac176bfaaff9fe2d2bdeeb25874e 49 33 170873 9357
a702baf2100f191a9dd1662f7cc974231a3ee344aa54662c0054bf950e6996de 4 3 40 102
177a9b7ec199680286f6a795c4f413e30b6e2e6b1ef8191e0bd1fcc9f142f899 407 0 0 0
b15e589c18a45ae6eb81af4a840398904effbd855bd4e53474e14b55b715fdca 5 0 0 0
541a7f25cde28d82986c5efcf36995a0534d25eb69bb1fbf9a6caafad4b7d9cd 2 2 3200 0
7dfe1b09cdd7654c4a87d356afbf9d9b112c214d21f246fd1c7c7a1cbee2bb18 5946 0 0 0
c291718f035813d1f47110039fac8721ac67fa56b838901a184f944f4980aa29 55 0 0 0
a9caae81935efbc01cdf798e66588037035dd5a8055361b13f3853d1f0216877 5149 0 0 0
f3a10f6814f2d01bdaa583d6c0e0aa0ff03a2edb52f4d099edf96104ae1c48b6 618 0 0 0
